,Date,Accumulative,New Cases
0,2020-03-03,1,0
1,2020-03-04,1,0
2,2020-03-05,2,1
3,2020-03-06,3,1
4,2020-03-07,5,2
5,2020-03-08,7,2
6,2020-03-09,10,3
7,2020-03-10,14,4
8,2020-03-11,20,6
9,2020-03-12,27,7
10,2020-03-13,36,9
11,2020-03-14,48,12
12,2020-03-15,63,15
13,2020-03-16,82,19
14,2020-03-17,105,23
15,2020-03-18,134,29
16,2020-03-19,168,34
17,2020-03-20,211,43
18,2020-03-21,261,50
19,2020-03-22,321,60
20,2020-03-23,392,71
21,2020-03-24,476,84
22,2020-03-25,573,97
23,2020-03-26,687,114
24,2020-03-27,817,130
25,2020-03-28,967,150
26,2020-03-29,1138,171
27,2020-03-30,1332,194
28,2020-03-31,1552,220
29,2020-04-01,1798,246
30,2020-04-02,2075,277
31,2020-04-03,2383,308
32,2020-04-04,2726,343
33,2020-04-05,3104,378
34,2020-04-06,3522,418
35,2020-04-07,3980,458
36,2020-04-08,4481,501
37,2020-04-09,5028,547
38,2020-04-10,5622,594
39,2020-04-11,6266,644
40,2020-04-12,6962,696
41,2020-04-13,7711,749
42,2020-04-14,8516,805
43,2020-04-15,9377,861
44,2020-04-16,10298,921
45,2020-04-17,11279,981
46,2020-04-18,12322,1043
47,2020-04-19,13427,1105
48,2020-04-20,14597,1170
49,2020-04-21,15832,1235
50,2020-04-22,17132,1300
51,2020-04-23,18499,1367
52,2020-04-24,19933,1434
53,2020-04-25,21435,1502
54,2020-04-26,23003,1568
55,2020-04-27,24640,1637
56,2020-04-28,26343,1703
57,2020-04-29,28114,1771
58,2020-04-30,29952,1838
59,2020-05-01,31855,1903
60,2020-05-02,33824,1969
61,2020-05-03,35858,2034
62,2020-05-04,37955,2097
63,2020-05-05,40114,2159
64,2020-05-06,42334,2220
65,2020-05-07,44615,2281
66,2020-05-08,46953,2338
67,2020-05-09,49348,2395
68,2020-05-10,51798,2450
69,2020-05-11,54302,2504
70,2020-05-12,56856,2554
71,2020-05-13,59461,2605
72,2020-05-14,62113,2652
73,2020-05-15,64810,2697
74,2020-05-16,67551,2741
75,2020-05-17,70333,2782
76,2020-05-18,73154,2821
77,2020-05-19,76012,2858
78,2020-05-20,78904,2892
79,2020-05-21,81829,2925
80,2020-05-22,84784,2955
81,2020-05-23,87768,2984
82,2020-05-24,90776,3008
83,2020-05-25,93808,3032
84,2020-05-26,96862,3054
85,2020-05-27,99934,3072
86,2020-05-28,103023,3089
87,2020-05-29,106126,3103
88,2020-05-30,109242,3116
89,2020-05-31,112368,3126
90,2020-06-01,115502,3134
91,2020-06-02,118643,3141
92,2020-06-03,121787,3144
93,2020-06-04,124934,3147
94,2020-06-05,128081,3147
95,2020-06-06,131226,3145
96,2020-06-07,134368,3142
97,2020-06-08,137505,3137
98,2020-06-09,140634,3129
99,2020-06-10,143756,3122
100,2020-06-11,146867,3111
101,2020-06-12,149967,3100
102,2020-06-13,153053,3086
103,2020-06-14,156125,3072
104,2020-06-15,159181,3056
105,2020-06-16,162220,3039
106,2020-06-17,165240,3020
107,2020-06-18,168241,3001
108,2020-06-19,171221,2980
109,2020-06-20,174179,2958
110,2020-06-21,177114,2935
111,2020-06-22,180025,2911
112,2020-06-23,182912,2887
113,2020-06-24,185773,2861
114,2020-06-25,188608,2835
115,2020-06-26,191415,2807
116,2020-06-27,194195,2780
117,2020-06-28,196946,2751
118,2020-06-29,199669,2723
119,2020-06-30,202361,2692
120,2020-07-01,205024,2663
121,2020-07-02,207655,2631
122,2020-07-03,210256,2601
123,2020-07-04,212826,2570
124,2020-07-05,215363,2537
125,2020-07-06,217869,2506
126,2020-07-07,220342,2473
127,2020-07-08,222783,2441
128,2020-07-09,225191,2408
129,2020-07-10,227566,2375
130,2020-07-11,229909,2343
131,2020-07-12,232218,2309
132,2020-07-13,234494,2276
133,2020-07-14,236737,2243
134,2020-07-15,238947,2210
135,2020-07-16,241124,2177
136,2020-07-17,243268,2144
137,2020-07-18,245378,2110
138,2020-07-19,247456,2078
139,2020-07-20,249501,2045
140,2020-07-21,251513,2012
141,2020-07-22,253493,1980
142,2020-07-23,255441,1948
143,2020-07-24,257356,1915
144,2020-07-25,259240,1884
145,2020-07-26,261091,1851
146,2020-07-27,262912,1821
147,2020-07-28,264701,1789
148,2020-07-29,266459,1758
149,2020-07-30,268186,1727
150,2020-07-31,269883,1697
151,2020-08-01,271550,1667
152,2020-08-02,273187,1637
153,2020-08-03,274795,1608
154,2020-08-04,276373,1578
155,2020-08-05,277923,1550
156,2020-08-06,279444,1521
157,2020-08-07,280937,1493
158,2020-08-08,282402,1465
159,2020-08-09,283840,1438
160,2020-08-10,285250,1410
161,2020-08-11,286634,1384
162,2020-08-12,287991,1357
163,2020-08-13,289322,1331
164,2020-08-14,290628,1306
165,2020-08-15,291908,1280
166,2020-08-16,293163,1255
167,2020-08-17,294394,1231
168,2020-08-18,295600,1206
169,2020-08-19,296783,1183
170,2020-08-20,297942,1159
171,2020-08-21,299078,1136
172,2020-08-22,300191,1113
173,2020-08-23,301281,1090
174,2020-08-24,302350,1069
175,2020-08-25,303397,1047
176,2020-08-26,304423,1026
177,2020-08-27,305428,1005
178,2020-08-28,306412,984
179,2020-08-29,307375,963
180,2020-08-30,308319,944
181,2020-08-31,309244,925
182,2020-09-01,310149,905
183,2020-09-02,311035,886
184,2020-09-03,311903,868
185,2020-09-04,312753,850
186,2020-09-05,313584,831
187,2020-09-06,314398,814
188,2020-09-07,315195,797
189,2020-09-08,315975,780
190,2020-09-09,316739,764
191,2020-09-10,317486,747
192,2020-09-11,318217,731
193,2020-09-12,318932,715
194,2020-09-13,319633,701
195,2020-09-14,320318,685
196,2020-09-15,320988,670
197,2020-09-16,321644,656
198,2020-09-17,322285,641
199,2020-09-18,322913,628
200,2020-09-19,323527,614
201,2020-09-20,324128,601
202,2020-09-21,324715,587
203,2020-09-22,325290,575
204,2020-09-23,325852,562
205,2020-09-24,326401,549
206,2020-09-25,326939,538
207,2020-09-26,327465,526
208,2020-09-27,327979,514
209,2020-09-28,328482,503
210,2020-09-29,328974,492
211,2020-09-30,329454,480
212,2020-10-01,329924,470
213,2020-10-02,330384,460
214,2020-10-03,330834,450
215,2020-10-04,331273,439
216,2020-10-05,331703,430
217,2020-10-06,332123,420
218,2020-10-07,332533,410
219,2020-10-08,332935,402
220,2020-10-09,333327,392
221,2020-10-10,333711,384
222,2020-10-11,334086,375
223,2020-10-12,334452,366
224,2020-10-13,334810,358
225,2020-10-14,335161,351
226,2020-10-15,335503,342
227,2020-10-16,335837,334
228,2020-10-17,336164,327
229,2020-10-18,336484,320
230,2020-10-19,336796,312
231,2020-10-20,337102,306
232,2020-10-21,337400,298
233,2020-10-22,337691,291
234,2020-10-23,337976,285
235,2020-10-24,338255,279
236,2020-10-25,338527,272
237,2020-10-26,338793,266
238,2020-10-27,339053,260
239,2020-10-28,339306,253
240,2020-10-29,339555,249
241,2020-10-30,339797,242
242,2020-10-31,340034,237
243,2020-11-01,340265,231
244,2020-11-02,340491,226
245,2020-11-03,340712,221
246,2020-11-04,340928,216
247,2020-11-05,341139,211
248,2020-11-06,341345,206
249,2020-11-07,341547,202
250,2020-11-08,341743,196
251,2020-11-09,341935,192
252,2020-11-10,342123,188
253,2020-11-11,342307,184
254,2020-11-12,342486,179
255,2020-11-13,342661,175
256,2020-11-14,342832,171
257,2020-11-15,342999,167
258,2020-11-16,343162,163
259,2020-11-17,343322,160
260,2020-11-18,343477,155
261,2020-11-19,343630,153
262,2020-11-20,343778,148
263,2020-11-21,343924,146
264,2020-11-22,344065,141
265,2020-11-23,344204,139
266,2020-11-24,344339,135
267,2020-11-25,344472,133
268,2020-11-26,344601,129
269,2020-11-27,344727,126
270,2020-11-28,344850,123
271,2020-11-29,344970,120
272,2020-11-30,345088,118
273,2020-12-01,345203,115
274,2020-12-02,345315,112
275,2020-12-03,345425,110
276,2020-12-04,345532,107
277,2020-12-05,345636,104
278,2020-12-06,345738,102
279,2020-12-07,345838,100
280,2020-12-08,345935,97
281,2020-12-09,346031,96
282,2020-12-10,346123,92
283,2020-12-11,346214,91
284,2020-12-12,346303,89
285,2020-12-13,346389,86
286,2020-12-14,346474,85
287,2020-12-15,346557,83
288,2020-12-16,346637,80
289,2020-12-17,346716,79
290,2020-12-18,346793,77
291,2020-12-19,346868,75
292,2020-12-20,346942,74
293,2020-12-21,347013,71
294,2020-12-22,347083,70
295,2020-12-23,347152,69
296,2020-12-24,347218,66
297,2020-12-25,347284,66
298,2020-12-26,347347,63
299,2020-12-27,347409,62
300,2020-12-28,347470,61
301,2020-12-29,347530,60
302,2020-12-30,347588,58
303,2020-12-31,347644,56
304,2021-01-01,347699,55
305,2021-01-02,347753,54
306,2021-01-03,347806,53
307,2021-01-04,347858,52
308,2021-01-05,347908,50
309,2021-01-06,347957,49
310,2021-01-07,348005,48
311,2021-01-08,348052,47
312,2021-01-09,348097,45
313,2021-01-10,348142,45
314,2021-01-11,348186,44
315,2021-01-12,348228,42
316,2021-01-13,348270,42
317,2021-01-14,348310,40
318,2021-01-15,348350,40
319,2021-01-16,348389,39
320,2021-01-17,348427,38
321,2021-01-18,348464,37
322,2021-01-19,348500,36
323,2021-01-20,348535,35
324,2021-01-21,348569,34
325,2021-01-22,348603,34
326,2021-01-23,348636,33
327,2021-01-24,348668,32
328,2021-01-25,348699,31
329,2021-01-26,348730,31
330,2021-01-27,348759,29
331,2021-01-28,348789,30
332,2021-01-29,348817,28
333,2021-01-30,348845,28
334,2021-01-31,348872,27
335,2021-02-01,348898,26
336,2021-02-02,348924,26
337,2021-02-03,348950,26
338,2021-02-04,348974,24
339,2021-02-05,348998,24
340,2021-02-06,349022,24
341,2021-02-07,349045,23
342,2021-02-08,349067,22
343,2021-02-09,349089,22
344,2021-02-10,349111,22
345,2021-02-11,349132,21
346,2021-02-12,349152,20
347,2021-02-13,349172,20
348,2021-02-14,349191,19
349,2021-02-15,349210,19
350,2021-02-16,349229,19
351,2021-02-17,349247,18
352,2021-02-18,349265,18
353,2021-02-19,349282,17
354,2021-02-20,349299,17
355,2021-02-21,349315,16
356,2021-02-22,349331,16
357,2021-02-23,349347,16
358,2021-02-24,349362,15
359,2021-02-25,349377,15
360,2021-02-26,349392,15
361,2021-02-27,349406,14
362,2021-02-28,349420,14
363,2021-03-01,349434,14
364,2021-03-02,349447,13
365,2021-03-03,349460,13
366,2021-03-04,349473,13
367,2021-03-05,349485,12
368,2021-03-06,349497,12
369,2021-03-07,349509,12
370,2021-03-08,349521,12
371,2021-03-09,349532,11
372,2021-03-10,349543,11
373,2021-03-11,349554,11
374,2021-03-12,349564,10
375,2021-03-13,349574,10
376,2021-03-14,349584,10
377,2021-03-15,349594,10
378,2021-03-16,349604,10
379,2021-03-17,349613,9
380,2021-03-18,349622,9
381,2021-03-19,349631,9
382,2021-03-20,349640,9
383,2021-03-21,349648,8
384,2021-03-22,349656,8
385,2021-03-23,349665,9
386,2021-03-24,349672,7
387,2021-03-25,349680,8
388,2021-03-26,349688,8
389,2021-03-27,349695,7
390,2021-03-28,349702,7
391,2021-03-29,349709,7
392,2021-03-30,349716,7
393,2021-03-31,349723,7
394,2021-04-01,349729,6
395,2021-04-02,349735,6
396,2021-04-03,349742,7
397,2021-04-04,349748,6
398,2021-04-05,349754,6
399,2021-04-06,349759,5
400,2021-04-07,349765,6
401,2021-04-08,349771,6
402,2021-04-09,349776,5
403,2021-04-10,349781,5
404,2021-04-11,349786,5
405,2021-04-12,349791,5
406,2021-04-13,349796,5
407,2021-04-14,349801,5
408,2021-04-15,349806,5
409,2021-04-16,349810,4
410,2021-04-17,349815,5
411,2021-04-18,349819,4
412,2021-04-19,349823,4
413,2021-04-20,349828,5
414,2021-04-21,349832,4
415,2021-04-22,349836,4
416,2021-04-23,349839,3
417,2021-04-24,349843,4
418,2021-04-25,349847,4
419,2021-04-26,349850,3
420,2021-04-27,349854,4
421,2021-04-28,349857,3
422,2021-04-29,349861,4
423,2021-04-30,349864,3
424,2021-05-01,349867,3
425,2021-05-02,349870,3
426,2021-05-03,349873,3
427,2021-05-04,349876,3
428,2021-05-05,349879,3
429,2021-05-06,349882,3
430,2021-05-07,349885,3
431,2021-05-08,349887,2
432,2021-05-09,349890,3
433,2021-05-10,349893,3
434,2021-05-11,349895,2
435,2021-05-12,349898,3
436,2021-05-13,349900,2
437,2021-05-14,349902,2
438,2021-05-15,349905,3
439,2021-05-16,349907,2
440,2021-05-17,349909,2
441,2021-05-18,349911,2
442,2021-05-19,349913,2
443,2021-05-20,349915,2
444,2021-05-21,349917,2
445,2021-05-22,349919,2
446,2021-05-23,349921,2
447,2021-05-24,349923,2
448,2021-05-25,349925,2
449,2021-05-26,349927,2
450,2021-05-27,349928,1
451,2021-05-28,349930,2
452,2021-05-29,349932,2
453,2021-05-30,349933,1
454,2021-05-31,349935,2
455,2021-06-01,349936,1
456,2021-06-02,349938,2
457,2021-06-03,349939,1
458,2021-06-04,349941,2
459,2021-06-05,349942,1
460,2021-06-06,349943,1
461,2021-06-07,349945,2
462,2021-06-08,349946,1
463,2021-06-09,349947,1
464,2021-06-10,349948,1
465,2021-06-11,349950,2
466,2021-06-12,349951,1
467,2021-06-13,349952,1
468,2021-06-14,349953,1
469,2021-06-15,349954,1
470,2021-06-16,349955,1
471,2021-06-17,349956,1
472,2021-06-18,349957,1
473,2021-06-19,349958,1
474,2021-06-20,349959,1
475,2021-06-21,349960,1
476,2021-06-22,349961,1
477,2021-06-23,349962,1
478,2021-06-24,349963,1
479,2021-06-25,349964,1
480,2021-06-26,349965,1
481,2021-06-27,349965,0
482,2021-06-28,349966,1
483,2021-06-29,349967,1
484,2021-06-30,349968,1
485,2021-07-01,349969,1
